alpha[1]	1	334
alpha[2]	335	668
alpha[3]	669	1002
alpha[4]	1003	1336
alpha[5]	1337	1670
alpha[6]	1671	2004
alpha[7]	2005	2338
alpha[8]	2339	2672
alpha[9]	2673	3006
alpha[10]	3007	3340
alpha[11]	3341	3674
alpha[12]	3675	4008
alpha[13]	4009	4342
alpha[14]	4343	4676
alpha[15]	4677	5010
alpha[16]	5011	5344
alpha[17]	5345	5678
alpha[18]	5679	6012
alpha[19]	6013	6346
alpha[20]	6347	6680
alpha[21]	6681	7014
alpha[22]	7015	7348
alpha[23]	7349	7682
alpha[24]	7683	8016
alpha[25]	8017	8350
alpha[26]	8351	8684
alpha[27]	8685	9018
alpha[28]	9019	9352
alpha[29]	9353	9686
alpha[30]	9687	10020
alpha.c	10021	10354
alpha.tau	10355	10688
beta[1]	10689	11022
beta[2]	11023	11356
beta[3]	11357	11690
beta[4]	11691	12024
beta[5]	12025	12358
beta[6]	12359	12692
beta[7]	12693	13026
beta[8]	13027	13360
beta[9]	13361	13694
beta[10]	13695	14028
beta[11]	14029	14362
beta[12]	14363	14696
beta[13]	14697	15030
beta[14]	15031	15364
beta[15]	15365	15698
beta[16]	15699	16032
beta[17]	16033	16366
beta[18]	16367	16700
beta[19]	16701	17034
beta[20]	17035	17368
beta[21]	17369	17702
beta[22]	17703	18036
beta[23]	18037	18370
beta[24]	18371	18704
beta[25]	18705	19038
beta[26]	19039	19372
beta[27]	19373	19706
beta[28]	19707	20040
beta[29]	20041	20374
beta[30]	20375	20708
beta.c	20709	21042
beta.tau	21043	21376
deviance	21377	21710
tau.c	21711	22044
